aaban,2012,92,56,30,81,59
aabas,2014,26,65,55,68,36
aabha,2016,46,34,34,50,32
aabia,2018,42,56,73,73,65
aabid,2020,64,61,67,58,48
aabidah,2022,62,54,32,77,33
aabidammar,2024,88,62,43,47,24
aabir,2026,95,54,85,91,62
aabriella,2028,48,90,72,63,93
aachal,2030,45,47,69,60,82
aad,2032,36,42,43,34,90
aada,2034,45,87,48,77,39
aadam,2036,93,72,48,49,32
aadan,2038,31,58,61,64,37
aadarsh,2040,46,93,95,40,33
aadaya,2042,82,56,74,34,48
aaden,2044,33,44,72,76,67
aadesh,2046,74,65,32,72,95
aadham,2048,88,65,43,95,56
aadhan,2050,25,26,87,92,32
aadhav,2052,78,92,60,44,44
aadhavan,2054,28,37,79,69,74
aadhi,2056,88,90,81,72,91
aadhira,2058,62,71,50,61,48
aadhiran,2060,75,82,47,34,84
aadhish,2062,83,61,69,64,30
aadhith,2064,69,51,29,44,94
aadhithya,2066,38,81,43,76,77
aadhrith,2068,66,56,90,79,93
aadhvik,2070,51,74,46,71,94
aadhvika,2072,70,26,82,57,54
aadhya,2074,25,89,28,68,38
aadhyan,2076,59,49,85,60,35
aadhyareddy,2078,61,93,67,48,46
aadhyasri,2080,48,34,39,35,94
aadi,2082,33,67,31,88,87
aadian,2084,60,26,32,48,25
aadil,2086,76,90,90,82,58
aadila,2088,43,35,56,73,49
aadilynn,2090,36,76,38,25,82
aadin,2092,68,35,58,73,31
aadirath,2094,40,38,83,57,93
aadish,2096,33,91,29,56,56
aadishiv,2098,64,38,73,63,75
aadison,2100,30,88,31,48,31
aadit,2102,45,56,26,48,30
aadith,2104,62,60,78,62,79
aadithya,2106,66,79,79,58,27
aaditiya,2108,48,46,71,36,53
aaditri,2110,72,59,64,43,42
aaditya,2112,66,48,53,78,64
aadityaram,2114,25,26,77,38,42
aadiv,2116,57,55,94,45,75
aadje,2118,51,91,41,28,84
aadm,2120,32,76,43,83,42
aadon,2122,39,83,86,66,92
aadrian,2124,83,55,37,95,25
aadrika,2126,52,83,35,28,46
aadrit,2128,92,35,88,50,43
aadrith,2130,87,60,86,94,69
aadriti,2132,93,26,83,25,85
aadu,2134,88,73,60,50,36
aadvi,2136,79,79,73,79,94
aadvik,2138,33,68,87,55,30
aadvika,2140,27,57,66,88,63
aadya,2142,61,52,43,26,65
aadyan,2144,80,31,77,47,41
aadyant,2146,68,45,29,38,24
aadyanth,2148,45,65,75,46,24
aadyn,2150,61,44,33,67,36
aaeedah,2152,78,93,59,60,60
aaeesha,2154,79,28,73,46,79
aaella,2156,27,29,89,57,55
aaeryn,2158,55,95,30,93,46
aaf,2160,49,49,89,79,69
aafi,2162,29,95,92,83,68
aafia,2164,56,64,32,54,33
aafiya,2166,63,67,94,51,32
aafiyah,2168,36,28,90,32,89
aafke,2170,53,80,78,61,85
aafkea,2172,57,60,48,60,40
aafko,2174,58,26,40,33,67
aafreen,2176,48,43,61,26,32
aafrin,2178,46,81,47,27,53
aaftab,2180,77,25,50,92,64
aagam,2182,62,68,78,47,81
aagand,2184,39,86,62,43,72
aagat,2186,81,42,37,95,30
aage,2188,31,67,94,89,88
aagje,2190,31,45,73,86,37
aagman,2192,60,43,35,50,51
aagna,2194,50,37,48,84,59
aagot,2196,59,50,42,86,55
aagoth,2198,25,33,85,92,51
aahaan,2200,94,41,24,70,75
aahad,2202,87,50,29,84,55
aahan,2204,62,82,44,25,62
aahana,2206,62,62,38,72,72
aaheli,2208,95,62,76,62,73
aahil,2210,77,37,30,28,88
aahiluddin,2212,34,71,82,50,87
aahim,2214,47,39,47,29,78
aahir,2216,60,77,42,71,73
aahliyah,2218,80,89,25,70,82
aahna,2220,31,71,24,29,54
aahron,2222,65,83,31,63,76
aahyan,2224,48,41,73,31,44
aaidah,2226,56,69,75,89,51
aaidan,2228,82,38,70,55,61
aaiden,2230,46,64,44,63,74
aaidyn,2232,54,24,66,35,89
aaila,2234,59,37,75,74,88
aailiyah,2236,33,36,30,92,84
aailyah,2238,53,82,88,87,64
aaima,2240,30,28,83,92,51
aaina,2242,67,42,44,87,40
aaira,2244,66,44,41,63,31
aairah,2246,26,27,76,70,60
aaisha,2248,80,27,82,70,86
aaishah,2250,60,92,66,78,84
aaiyana,2252,48,28,58,45,54
aaiza,2254,87,35,45,56,58
aaizah,2256,68,77,64,33,34
aaja,2258,66,26,54,85,57
aajah,2260,40,78,60,47,83
aajaylah,2262,70,52,91,94,53
aajiv,2264,80,44,46,28,52
aajon,2266,57,83,63,52,49
aakanksha,2268,94,54,83,64,40
aakarsh,2270,95,79,86,33,34
aakas,2272,32,79,90,75,67
aakash,2274,24,25,36,41,41
aakeem,2276,76,47,74,45,61
aakif,2278,33,81,82,83,42
aakifa,2280,26,80,36,26,28
aakifah,2282,66,54,74,66,45
aakil,2284,71,71,56,83,79
aakilah,2286,77,48,43,68,90
aakin,2288,26,57,44,26,67
aakira,2290,60,70,65,67,26
aakiyah,2292,34,45,78,24,90
aakriti,2294,92,88,54,36,26
aakruti,2296,79,77,24,26,74
aala,2298,65,45,28,89,37
aalaa,2300,30,31,86,61,94
aalaiya,2302,89,83,42,50,72
aalaiyah,2304,54,74,59,80,80
aalam,2306,79,30,67,57,28
aalana,2308,42,88,44,51,43
aalanah,2310,60,47,64,36,74
aalani,2312,34,34,62,91,24
aalap,2314,39,59,90,65,82
aalasia,2316,30,44,74,82,93
aalaya,2318,66,88,60,28,85
aalayah,2320,92,69,71,90,32
aalayiah,2322,63,49,44,24,76
aalayjah,2324,73,58,87,77,28
aalayna,2326,33,72,94,46,42
aalaysha,2328,43,65,61,69,70
aalaysia,2330,95,89,70,65,74
aalbert,2332,68,89,65,67,49
aalderich,2334,40,43,32,92,67
aalderk,2336,71,41,76,40,91
aaldrik,2338,89,59,36,34,27
aale,2340,75,47,56,57,35
aalea,2342,91,30,41,35,41
aaleah,2344,39,76,72,31,70
aaleahya,2346,27,30,26,71,56
aaleayah,2348,86,50,48,76,73
aaleen,2350,58,59,54,30,52
aaleena,2352,45,48,52,88,75
aaleeya,2354,92,68,84,28,86
aaleeyah,2356,85,72,63,73,79
aaleia,2358,84,61,48,66,76
aaleiah,2360,30,32,80,69,68
aaleigha,2362,31,32,74,53,51
aaleiya,2364,67,27,58,83,44
aaleiyah,2366,28,46,91,36,34
aalena,2368,77,61,58,51,47
aalexis,2370,84,46,58,93,74
aalexus,2372,87,42,59,88,42
aaleya,2374,49,65,91,80,59
aaleyah,2376,89,81,84,55,25
aali,2378,75,30,94,79,51
aalia,2380,80,25,86,56,39
aaliah,2382,32,93,58,35,26
aaliana,2384,62,89,85,78,37
aalias,2386,57,85,34,85,90
aaliayah,2388,75,38,76,62,91
aaliayh,2390,64,95,58,33,72
aalicia,2392,82,44,27,82,30
aaliegha,2394,76,67,75,79,72
aalieyah,2396,71,35,59,36,39
aaliha,2398,33,70,55,30,77
aalijah,2400,79,31,29,46,57
aalilah,2402,25,40,83,87,42
aalim,2404,75,60,66,93,60
aalimah,2406,64,54,25,93,33
aalina,2408,78,24,57,58,72
aalinah,2410,46,60,62,70,37
aalisa,2412,74,77,42,35,55
aalish,2414,37,90,92,79,45
aalisha,2416,62,69,66,82,44
aalivia,2418,89,85,65,78,61
aaliya,2420,33,48,91,33,85
aaliyaa,2422,88,31,46,29,41
aaliyah,2424,45,54,31,54,77
aaliyah-louise,2426,59,34,94,67,95
aaliyah-mae,2428,88,85,73,60,41
aaliyah-marie,2430,33,88,53,90,45
aaliyah-may,2432,78,73,43,57,59
aaliyah-rose,2434,43,49,46,29,64
aaliyah-skye,2436,95,39,29,52,70
aaliyaha,2438,66,29,76,31,71
aaliyahmarie,2440,43,66,87,25,45
aaliyahrose,2442,48,66,57,27,43
aaliyan,2444,75,92,38,44,72
aaliyana,2446,32,37,83,84,64
aaliyanna,2448,57,60,33,43,83
aaliyha,2450,43,57,91,26,74
aaliyiah,2452,38,94,88,26,74
aalke,2454,55,39,46,54,53
aallaya,2456,90,33,53,30,33
aalliyah,2458,74,42,75,25,74
aallyah,2460,80,52,61,91,60
aalok,2462,65,55,25,48,57
aalon,2464,34,66,65,37,38
aaloni,2466,64,44,36,46,44
aalst,2468,59,92,91,37,33
aalt,2470,44,89,65,88,25
aaltien,2472,65,67,67,44,79
aaltinus,2474,93,95,39,37,35
aaltje,2476,68,42,54,74,79
aaltsje,2478,34,77,25,71,68
aalya,2480,82,80,83,91,50
aalyah,2482,28,88,89,48,59
aalyan,2484,81,71,36,57,67
aalycia,2486,69,58,28,48,47
aalyha,2488,81,93,83,80,80
aalyia,2490,80,40,38,94,34
aalyiah,2492,38,56,73,31,33
aalyna,2494,27,75,81,75,65
aalysia,2496,57,65,88,95,72
aalyssa,2498,32,94,54,87,58
aalyvia,2500,79,53,30,77,79
aamaira,2502,92,83,83,31,50
aaman,2504,24,84,81,50,74
aamanah,2506,83,42,94,29,93
aamanda,2508,95,59,58,44,32
aamanee,2510,86,51,49,35,47
aamani,2512,68,48,75,27,66
aamar,2514,29,58,32,73,71
aamari,2516,33,32,45,46,69
aamarion,2518,83,42,80,77,45
aamaya,2520,83,85,38,94,62
aamber,2522,69,35,87,85,26
aamena,2524,94,57,94,52,87
aamenah,2526,61,43,88,31,30
aamer,2528,27,84,86,91,44
aamia,2530,95,38,58,82,68
aamil,2532,70,66,77,69,59
aamilah,2534,29,65,70,42,47
aamin,2536,27,79,50,32,69
aamina,2538,57,53,60,40,53
aaminah,2540,80,76,61,35,53
aamir,2542,88,71,58,83,92
aamira,2544,48,34,33,35,51
aamirah,2546,91,84,63,56,49
aamiya,2548,56,49,27,61,58
aamiyah,2550,43,77,78,46,51
aamna,2552,49,39,31,32,48
aamnah,2554,30,68,91,81,40
aamoni,2556,70,93,85,74,94
aamora,2558,83,58,94,91,76
aamorah,2560,85,86,36,46,24
aamori,2562,48,75,47,83,41
aamya,2564,73,33,77,78,57
aamyah,2566,52,64,62,59,77
aana,2568,74,31,81,28,45
aanand,2570,54,62,63,71,49
aanav,2572,38,39,86,89,31
aanay,2574,47,30,57,71,41
aanaya,2576,32,91,51,32,41
aanayah,2578,79,79,85,55,68
aanchal,2580,53,61,37,79,73
aania,2582,38,65,86,50,37
aaniah,2584,25,82,88,47,54
aanijah,2586,81,32,56,65,41
aanik,2588,52,25,92,26,66
aanika,2590,68,86,88,72,67
aanis,2592,77,77,94,69,59
aanisah,2594,59,73,87,43,84
aanisha,2596,38,71,79,74,26
aaniya,2598,70,93,76,50,58
aaniyah,2600,72,81,72,35,74
aaniylah,2602,63,46,42,56,53
aansh,2604,46,57,38,43,40
aanshi,2606,36,47,80,28,60
aansu,2608,95,59,83,55,85
aant,2610,93,62,65,79,72
aanuoluwa,2612,31,84,66,66,28
aanvi,2614,59,33,54,38,52
aanya,2616,71,81,89,57,95
aanyah,2618,81,72,82,60,94
aanyla,2620,68,35,55,42,26
aapeli,2622,38,80,24,79,55
aapo,2624,92,35,75,60,51
aappo,2626,36,62,83,62,42
aapri,2628,51,45,54,43,55
aaqib,2630,68,45,47,86,72
aaqil,2632,82,60,40,72,41
aara,2634,55,78,64,33,65
aarabella,2636,68,37,40,79,60
aarabh,2638,38,35,66,56,31
aarabhi,2640,93,50,71,74,28
aarabi,2642,76,93,56,68,62
aaradhana,2644,89,48,47,64,74
aaradhy,2646,84,49,28,74,92
aaradhya,2648,40,78,68,39,93
aarae,2650,61,71,56,51,29
aaraf,2652,87,81,53,71,84
aarah,2654,63,37,70,63,58
aaraiz,2656,39,44,86,75,25
aaralyn,2658,63,29,30,49,89
aaralynn,2660,83,24,34,34,29
aaran,2662,75,38,58,81,82
aarani,2664,74,74,52,40,33
aaranyan,2666,51,42,83,94,36
aaraon,2668,54,73,25,57,31
aarati,2670,53,28,24,34,69
aaratrika,2672,59,64,79,93,32
aarav,2674,71,73,55,42,27
aaravi,2676,85,54,27,32,65
aaravjit,2678,40,79,94,61,37
aaravreddy,2680,75,58,54,40,93
aaraya,2682,46,65,80,59,62
aard,2684,56,90,72,44,65
aardhna,2686,30,92,24,91,86
aare,2688,58,44,69,87,56
aaren,2690,45,49,67,50,76
aarent,2692,44,93,73,82,57
aareon,2694,65,51,44,69,49
aareona,2696,50,63,78,63,47
aarez,2698,82,26,24,25,57
aari,2700,60,88,64,88,24
aaria,2702,41,52,39,25,93
aariah,2704,69,94,51,71,92
aarian,2706,46,45,81,78,84
aariana,2708,74,62,45,39,27
aarianna,2710,64,68,29,92,94
aarib,2712,70,58,95,79,25
aaric,2714,63,67,82,46,56
aarica,2716,85,86,40,38,47
aarick,2718,47,38,66,67,86
aarie,2720,66,89,75,71,26
aariel,2722,41,66,51,73,80
aariella,2724,69,36,54,63,41
aarielle,2726,53,28,85,89,90
aarien,2728,25,83,46,27,46
aarif,2730,45,68,42,78,63
aarifah,2732,83,80,95,72,83
aarik,2734,84,49,89,90,82
aarika,2736,55,46,78,37,25
aariketh,2738,53,34,54,47,52
aarilyn,2740,71,95,67,30,89
aarilynn,2742,69,57,32,33,41
aarin,2744,93,34,42,61,24
aarini,2746,72,94,85,68,70
aarion,2748,76,81,85,24,28
aariona,2750,77,72,42,51,72
aarionna,2752,35,62,89,90,52
aaris,2754,80,52,80,86,61
aarish,2756,74,70,36,91,28
aarit,2758,52,47,77,31,53
aariv,2760,90,40,56,68,82
aariya,2762,72,60,42,64,73
aariyah,2764,68,55,76,67,51
aariyan,2766,89,45,27,38,44
aariyana,2768,57,42,50,81,57
aariyanna,2770,57,24,92,41,47
aariyona,2772,59,41,44,63,57
aariyonna,2774,53,46,44,62,70
aariz,2776,72,48,32,69,62
aarjan,2778,26,75,32,47,52
aarjav,2780,46,86,27,73,52
aarju,2782,79,80,24,87,79
aarjun,2784,38,76,54,44,40
aarley-ray,2786,43,80,33,81,83
aarlo,2788,42,78,66,93,41
aarmaan,2790,94,42,45,58,75
aarn,2792,35,35,84,38,45
aarna,2794,33,27,94,47,62
aarnav,2796,73,94,56,83,74
aarnavi,2798,24,31,47,74,84
aarne,2800,66,56,84,55,36
aarni,2802,59,59,30,52,76
aarno,2804,95,40,51,56,87
aarnoud,2806,49,73,85,58,59
aarnout,2808,85,77,50,64,43
aaro,2810,56,41,30,80,55
aaroh,2812,35,35,66,35,44
aarohan,2814,39,70,49,88,32
aarohi,2816,53,63,92,67,28
aarolyn,2818,83,62,43,93,87
aaron,2820,57,62,92,64,83
aaron-james,2822,74,24,50,64,43
aaron-jay,2824,56,68,88,29,90
aaron-john,2826,38,25,53,54,49
aaron-lee,2828,78,31,55,85,57
aaron-matthew,2830,37,27,50,41,29
aarona,2832,75,48,34,34,63
aaronae,2834,59,33,28,79,53
aaronarthur,2836,83,60,58,90,91
aaronda,2838,37,55,64,84,36
aarondeep,2840,24,72,72,65,80
aaronette,2842,62,74,24,62,30
aaronisha,2844,38,83,46,82,87
aaronjacob,2846,94,44,63,28,44
aaronjames,2848,25,73,79,88,76
aaronjit,2850,68,34,27,25,69
aaronjohn,2852,66,86,55,49,86
aaronjoseph,2854,48,59,89,72,47
aaronjosh,2856,52,42,33,64,65
aaronjoshua,2858,41,72,86,26,39
aaronlee,2860,71,83,55,63,24
aaronmichael,2862,33,37,31,72,76
aaronn,2864,30,41,53,76,67
aarons,2866,29,60,95,37,67
aaronson,2868,82,43,74,86,91
aaronveer,2870,93,55,36,64,73
aaroon,2872,92,90,78,80,60
aaroosh,2874,69,40,24,80,50
aarran,2876,25,24,72,58,38
aarre,2878,93,49,29,37,82
aarren,2880,45,94,46,75,83
aarron,2882,59,62,36,58,31
aarryn,2884,54,85,83,48,29
aarsh,2886,32,86,61,35,72
aarshi,2888,83,56,64,50,68
aarshiya,2890,60,42,84,38,27
aart,2892,27,90,66,33,51
aarthi,2894,36,87,78,51,36
aarti,2896,48,91,72,72,44
aaruhi,2898,74,51,76,64,62
aarun,2900,24,58,32,27,88
aarunya,2902,67,41,59,52,89
aarusan,2904,60,25,24,43,94
aarush,2906,75,29,38,32,53
aarushi,2908,59,32,80,62,32
aarushreddy,2910,72,72,89,46,76
aarv,2912,87,75,69,50,34
aarvi,2914,77,32,60,85,60
aarvik,2916,63,83,39,42,28
aarvin,2918,79,43,81,65,41
aary,2920,57,55,24,42,76
aarya,2922,28,62,24,39,86
aaryah,2924,52,24,85,83,43
aaryahi,2926,87,75,33,90,48
aaryan,2928,70,83,48,35,40
aaryana,2930,80,95,94,50,37
aaryanna,2932,48,77,85,28,80
aaryash,2934,42,40,30,62,60
aaryav,2936,59,53,68,72,49
aarylan,2938,82,37,63,68,73
aaryn,2940,30,83,81,78,34
aaryn-john,2942,85,66,48,53,48
aaryn-paul,2944,65,32,30,53,70
aarynn,2946,70,54,72,69,30
aaryon,2948,86,27,31,73,93
aaryona,2950,26,60,73,91,81
aarza,2952,90,48,45,87,67
aarzish,2954,58,25,74,71,81
aarzo,2956,86,66,65,48,37
aarzoo,2958,66,72,90,66,60
aarzu,2960,60,77,56,47,36
aarón,2962,33,55,33,63,47
aase,2964,31,71,80,84,50
aaseem,2966,62,55,37,36,73
aaser,2968,87,41,55,64,28
aasha,2970,94,72,33,41,63
aashana,2972,91,80,86,54,51
aashay,2974,90,83,74,79,94
aashdon,2976,87,33,64,77,25
aashi,2978,39,85,49,49,60
aashia,2980,24,95,60,51,88
aashif,2982,46,60,70,84,78
aashik,2984,32,64,35,60,94
aashika,2986,51,52,79,70,71
aashild,2988,68,78,86,85,93
aashini,2990,77,39,78,30,75
aashir,2992,92,79,59,82,69
aashirya,2994,52,40,91,26,64
aashis,2996,38,89,93,70,70
aashish,2998,27,85,66,40,42
aashita,3000,91,41,77,42,39
aashiya,3002,82,50,58,43,91
aashiyana,3004,61,88,48,80,55
aashka,3006,51,25,87,68,55
aashma,3008,53,78,49,42,74
aashman,3010,87,86,65,83,88
aashna,3012,54,28,92,90,30
aashni,3014,92,65,45,59,61
aashray,3016,24,71,78,35,43
aashrita,3018,56,24,44,52,51
aashrith,3020,91,76,31,69,47
aashritha,3022,30,69,82,71,78
aashriya,3024,92,37,67,39,27
aashu,3026,49,40,63,80,40
aashutosh,3028,76,93,88,52,43
aashvi,3030,27,39,90,74,25
aasia,3032,29,55,47,76,51
aasiah,3034,56,24,87,83,24
aasif,3036,44,89,25,55,33
aasim,3038,33,77,57,63,30
aasin,3040,87,33,91,51,51
aasir,3042,95,79,70,57,91
aasiya,3044,77,79,52,34,66
aasiyah,3046,76,82,82,24,80
aasma,3048,55,44,71,32,43
aasmin,3050,38,91,54,46,27
aason,3052,92,75,53,58,63
aasr,3054,86,47,72,59,62
aastha,3056,48,42,63,65,34
aasto,3058,67,74,42,30,30
aaston,3060,70,87,32,67,44
aasu,3062,44,60,59,74,41
aat,3064,69,52,56,79,81
aatami,3066,24,63,45,33,53
aathan,3068,50,87,47,85,47
aathavan,3070,90,31,67,81,52
aathish,3072,35,90,74,38,57
aathrey,3074,55,41,79,93,54
aathyn,3076,44,27,68,78,83
aatif,3078,61,55,68,67,63
aatifa,3080,74,53,85,36,56
aatika,3082,29,68,47,31,84
aatikah,3084,78,66,52,34,75
aatikun,3086,46,63,60,80,93
aatiqa,3088,71,33,55,77,74
aatiqah,3090,30,89,80,34,31
aatish,3092,60,47,73,41,60
aatos,3094,67,70,31,48,89
aatreya,3096,48,71,50,77,61
aatto,3098,42,67,79,93,57
aatu,3100,48,28,40,86,35
aava,3102,52,59,75,24,49
aava-may,3104,77,38,42,62,68
aavah,3106,27,88,38,47,52
aavan,3108,88,72,61,38,51
aavash,3110,42,37,93,44,51
aave,3112,44,50,28,47,81
aaven,3114,92,59,83,71,44
aavi,3116,59,56,42,25,70
aavin,3118,48,45,76,73,58
aavion,3120,55,72,80,52,42
aavir,3122,67,74,74,27,88
aavish,3124,27,63,60,71,39
aavni,3126,35,49,73,24,56
aavo,3128,31,50,64,57,37
aavya,3130,68,88,33,70,66
aavyan,3132,60,76,94,89,84
aavyn,3134,66,60,67,56,89
aaya,3136,85,81,49,77,26
aayaan,3138,82,50,53,75,80
aayah,3140,25,68,44,65,47
aayam,3142,65,77,83,94,61
aayan,3144,55,61,95,63,48
aayana,3146,69,59,80,61,79
aayanah,3148,66,57,27,92,85
aayanna,3150,55,74,41,69,61
aayansh,3152,54,93,53,86,41
aayat,3154,87,71,28,92,27
aaydan,3156,61,90,79,77,69
aayden,3158,39,61,24,78,42
aayden-james,3160,91,65,76,83,66
aayden-jon,3162,69,65,91,57,41
aaydn,3164,83,56,75,36,33
aayesha,3166,39,64,79,89,53
aayisha,3168,43,51,75,78,27
aayla,3170,60,65,80,88,58
aaylah,3172,58,68,49,95,59
aaylah-rose,3174,45,48,91,76,41
aayliah,3176,48,81,85,74,46
aaylie,3178,51,54,24,61,68
aayon,3180,70,57,87,69,61
aayra,3182,56,88,34,55,80
aayran,3184,50,43,45,32,67
aaysha,3186,32,28,48,47,66
aayu,3188,28,45,40,72,70
aayush,3190,93,37,42,71,63
aayusha,3192,42,62,58,87,68
aayushi,3194,92,77,84,94,61
aayza,3196,43,71,55,84,63
aazad,3198,25,58,27,36,52
aazan,3200,43,54,60,41,94
aazeen,3202,93,28,76,43,31
aazil,3204,59,67,33,29,29
aazim,3206,60,53,37,65,73
aaziyah,3208,79,45,66,37,29
aba,3210,43,65,37,33,75
abaan,3212,31,28,48,51,57
abaas,3214,75,56,89,80,58
abad,3216,70,72,77,76,75
abagael,3218,41,43,75,52,89
abagail,3220,38,65,54,60,43
abagaile,3222,87,69,66,73,29
abagale,3224,32,51,45,80,31
abagayle,3226,94,78,52,80,39
abai,3228,43,69,44,26,36
abaigael,3230,62,94,45,33,84
abaigail,3232,65,33,42,52,70
abaigeal,3234,61,61,47,73,34
abaigh,3236,46,27,81,55,94
aban,3238,84,27,61,41,61
abana,3240,69,28,64,73,60
abanoub,3242,80,88,27,27,69
abas,3244,28,44,26,54,54
abasi,3246,41,76,89,57,77
abasi-ima,3248,27,56,55,28,82
abass,3250,90,56,35,86,48
abate,3252,62,86,84,62,29
abay,3254,59,55,74,49,95
abayomi,3256,95,44,42,72,66
abaz,3258,35,79,73,46,92
abaza,3260,72,37,56,47,41
abb,3262,62,33,25,30,92
abba,3264,81,55,44,56,61
abbaas,3266,94,82,46,77,42
abbad,3268,88,37,27,45,31
abbagail,3270,38,65,33,67,49
abbagale,3272,31,48,60,57,52
abbagayle,3274,54,32,80,81,78
abbaigh,3276,95,94,43,82,66
abbas,3278,72,25,88,33,54
abbas-hussein,3280,88,69,27,63,90
abbass,3282,65,28,82,26,71
abbate,3284,56,93,56,66,45
abbdelrahmane,3286,37,53,86,24,88
abbe,3288,85,86,52,74,35
abbee,3290,43,45,69,93,79
abbegail,3292,35,29,82,76,36
abbegale,3294,61,58,35,34,69
abbegayle,3296,36,75,90,75,52
abbeigh,3298,69,49,43,47,71
abberger,3300,50,59,52,63,66
abbey,3302,87,42,75,90,80
abbey-leigh,3304,41,54,59,73,63
abbey-louise,3306,46,42,58,95,54
abbeygail,3308,85,93,45,30,63
abbeygale,3310,60,63,57,46,57
abbeygayle,3312,92,51,36,35,71
abbi,3314,40,63,75,37,90
abbi-leigh,3316,85,41,59,78,85
abbi-louise,3318,71,49,42,67,59
abbi-mae,3320,89,27,30,29,90
abbi-rose,3322,72,69,61,69,25
abbie,3324,55,65,42,69,72
abbie-anne,3326,43,41,77,85,47
abbie-gail,3328,50,55,41,70,82
abbie-gayle,3330,38,55,86,54,58
abbie-grace,3332,65,70,42,28,88
abbie-j,3334,67,67,85,55,82
abbie-jai,3336,40,41,51,41,57
abbie-james,3338,39,51,79,41,89
abbie-jane,3340,69,78,85,59,81
abbie-jo,3342,33,49,91,65,57
abbie-lea,3344,75,84,57,58,55
abbie-lee,3346,33,95,93,25,28
abbie-lei,3348,26,93,77,73,60
abbie-leigh,3350,59,70,91,55,52
abbie-louise,3352,40,24,46,72,90
abbie-mae,3354,25,39,66,24,72
abbie-mai,3356,68,78,36,50,92
abbie-marie,3358,57,39,52,93,36
abbie-may,3360,41,65,89,30,31
abbie-rayne,3362,32,24,29,79,68
abbie-rose,3364,83,71,28,55,83
abbie-violet,3366,36,71,36,36,38
abbiegail,3368,68,51,43,24,77
abbiegale,3370,77,52,70,46,60
abbiegayle,3372,45,37,41,71,41
abbieleigh,3374,34,94,40,90,67
abbielouise,3376,33,89,72,73,64
abbigael,3378,39,24,80,33,62
abbigail,3380,79,62,45,70,73
abbigaile,3382,86,45,84,34,77
abbigal,3384,31,46,93,62,48
abbigale,3386,53,53,62,30,74
abbigayl,3388,37,64,58,66,63
abbigayle,3390,85,25,89,67,88
abbighail,3392,90,27,92,84,65
abbilyn,3394,33,73,95,52,87
abbiney,3396,93,47,94,58,45
abbiss,3398,82,32,57,95,50
abbo,3400,53,84,58,25,47
abbondanza,3402,84,32,48,87,74
abbondanzio,3404,84,94,79,58,37
abbondio,3406,79,87,51,29,48
abbot,3408,25,79,86,57,29
abbotsen,3410,79,74,58,73,49
abbotson,3412,47,31,62,91,68
abbotsun,3414,80,66,29,73,45
abbott,3416,90,41,93,34,45
abbottson,3418,80,87,66,91,52
abbra,3420,72,55,68,56,50
abbriella,3422,44,89,36,95,84
abbrielle,3424,38,31,94,86,66
abby,3426,54,45,34,33,92
abby-gayle,3428,27,24,26,94,81
abby-leigh,3430,62,40,52,86,52
abby-may,3432,53,81,48,24,93
abbye,3434,43,78,67,85,28
abbygael,3436,46,77,81,63,65
abbygail,3438,72,64,42,82,95
abbygaile,3440,40,94,52,48,69
abbygale,3442,41,74,90,30,27
abbygayl,3444,81,65,25,95,94
abbygayle,3446,27,95,94,50,52
abbylynn,3448,37,81,37,45,71
abcde,3450,30,32,53,67,84
abd,3452,83,72,61,33,47
abd-alkudos,3454,91,78,90,78,29
abd-allah,3456,27,83,60,43,42
abd-alrahim,3458,58,54,49,24,65
abd-ulmoeen,3460,95,56,72,88,93
abdal,3462,43,55,78,89,67
abdala,3464,68,82,45,95,26
abdalah,3466,57,91,31,30,37
abdalhai,3468,50,54,86,72,36
abdalkhalq,3470,36,80,74,34,80
abdalla,3472,38,27,76,39,66
abdallah,3474,83,25,50,79,86
abdalmalak,3476,43,41,30,52,72
abdalmalik,3478,70,33,53,53,46
abdalrahman,3480,33,36,31,24,92
abdalrhman,3482,74,49,31,86,82
abdarahman,3484,33,37,32,51,82
abdas,3486,92,46,74,83,65
abdel,3488,66,84,75,84,66
abdel-rahman,3490,61,89,94,59,94
abdelaziz,3492,65,46,68,73,56
abdelhadi,3494,88,37,83,50,83
abdelhamid,3496,68,65,27,91,81
abdelilah,3498,57,31,92,92,37
abdelkader,3500,83,83,90,51,42
abdelkareem,3502,33,32,86,77,39
abdelkarim,3504,61,35,77,51,29
abdelkrim,3506,64,62,89,55,42
abdella,3508,28,54,92,73,31
abdellah,3510,78,40,31,83,65
abdelmadjid,3512,38,37,95,76,93
abdelmageed,3514,69,63,60,54,74
abdelmalek,3516,52,52,28,62,55
abdelrahim,3518,49,92,36,59,82
abdelrahman,3520,40,55,85,85,32
abdelrahmane,3522,36,75,44,88,47
abdelrauof,3524,32,31,66,43,45
abdelrhman,3526,59,32,33,91,63
abderahman,3528,83,65,46,51,77
abderahmane,3530,91,48,53,76,73
abderrahman,3532,56,29,91,91,81
abderrahmane,3534,50,55,55,79,56
abderraouf,3536,71,65,74,32,78
abdeslam,3538,52,57,89,85,57
abdi,3540,42,94,24,52,74
abdia,3542,73,37,91,73,40
abdias,3544,85,51,69,55,85
abdiasis,3546,83,91,37,34,53
abdiaziz,3548,42,55,38,40,88
abdiel,3550,93,69,51,64,84
abdifatah,3552,68,73,66,53,85
abdihafid,3554,35,56,33,69,75
abdihakim,3556,48,58,33,95,26
abdihakin,3558,39,90,59,88,94
abdihamid,3560,45,76,29,87,52
abdija,3562,70,69,82,89,50
abdijabar,3564,73,27,39,79,37
abdikadir,3566,52,78,47,88,66
abdikarim,3568,79,48,75,56,95
abdikarin,3570,48,54,59,66,60
abdikhaliq,3572,66,78,36,75,46
abdiladif,3574,61,60,79,39,64
abdilahi,3576,59,83,68,67,44
abdillahi,3578,52,80,34,60,35
abdimajid,3580,58,41,65,81,61
abdimajiid,3582,77,59,65,81,37
abdimalik,3584,62,46,79,34,72
abdinajib,3586,67,43,29,39,44
abdinasir,3588,85,29,88,95,93
abdiqani,3590,24,46,85,56,81
abdirahiim,3592,64,59,67,32,75
abdirahim,3594,83,24,94,90,30
abdirahin,3596,90,84,46,45,29
abdirahmaan,3598,80,61,55,44,34
abdirahman,3600,42,44,62,44,77
abdirashid,3602,77,75,68,72,69
abdiraxman,3604,67,38,85,35,39
abdirazaq,3606,57,28,77,95,39
abdirisaq,3608,82,82,68,79,91
abdirizak,3610,29,53,28,50,49
abdirizaq,3612,32,39,76,58,52
abdisalam,3614,53,95,32,70,74
abdisalan,3616,89,95,47,61,50
abdisamad,3618,39,25,90,26,43
abdishakur,3620,60,84,27,46,25
abdiwahab,3622,92,89,27,77,64
abdiwahid,3624,61,83,70,85,65
abdiwali,3626,34,40,25,64,65
abdn,3628,54,73,65,36,87
abdo,3630,82,32,74,92,78
abdon,3632,25,82,81,85,94
abdool,3634,49,27,44,39,51
abdorahman,3636,90,30,59,26,93
abdorassoul,3638,75,89,63,75,42
abdou,3640,37,77,80,66,93
abdouallah,3642,77,78,54,58,87
abdoul,3644,63,30,80,68,83
abdoulaye,3646,66,81,87,82,45
abdoulaziz,3648,64,56,85,31,90
abdoulie,3650,37,69,63,26,71
abdoullah,3652,35,54,37,31,39
abdoulmalik,3654,44,50,89,89,91
abdoulnour,3656,68,44,42,72,32
abdourahman,3658,78,58,77,68,31
abdourahmane,3660,70,90,92,49,53
abdrahman,3662,29,35,89,92,26
abdrew,3664,67,30,87,79,64
abdriel,3666,66,59,47,54,94
abdu,3668,35,65,63,92,73
abdual,3670,93,78,88,88,58
abdualeem,3672,30,83,92,91,65
abduallah,3674,28,59,33,69,65
abdualmalik,3676,41,81,76,41,69
abduel,3678,90,34,47,71,72
abduh,3680,69,77,80,72,95
abdul,3682,69,57,65,29,67
abdul'malik,3684,47,86,24,70,52
abdul-,3686,86,62,94,57,62
abdul-ahad,3688,70,46,29,70,61
abdul-aleem,3690,25,41,87,60,41
abdul-azeez,3692,71,48,68,62,93
abdul-aziz,3694,88,44,51,71,42
abdul-baasit,3696,35,71,70,60,63
abdul-basit,3698,56,57,43,25,47
abdul-haadi,3700,83,60,42,92,73
abdul-hadi,3702,27,61,68,77,25
abdul-hafiz,3704,89,44,35,80,27
abdul-hakeem,3706,66,60,62,90,65
abdul-hakim,3708,70,29,51,84,40
abdul-hannan,3710,82,66,66,29,60
abdul-haqq,3712,90,61,33,61,94
abdul-haseeb,3714,74,29,89,45,53
abdul-jabbar,3716,61,44,39,66,55
abdul-kareem,3718,54,75,41,43,88
abdul-karim,3720,78,30,70,33,73
abdul-khaliq,3722,68,81,82,45,47
abdul-lateef,3724,83,75,60,42,76
abdul-majeed,3726,80,84,32,31,68
abdul-malik,3728,93,89,35,81,56
abdul-mateen,3730,91,36,34,26,52
abdul-muiz,3732,75,83,36,71,75
abdul-muizz,3734,55,48,77,25,91
abdul-nafi,3736,35,34,50,81,77
abdul-nasir,3738,37,26,81,82,41
abdul-qaadir,3740,94,67,67,84,54
abdul-qayyum,3742,46,62,34,42,81
abdul-quddus,3744,70,25,60,29,25
abdul-rafay,3746,76,55,84,90,95
abdul-raheem,3748,39,50,78,54,38
abdul-rahim,3750,57,75,41,39,60
abdul-rahman,3752,69,34,86,89,95
abdul-raqib,3754,83,46,40,64,94
abdul-rehman,3756,37,79,57,43,76
abdul-samad,3758,60,66,54,26,82
abdul-samee,3760,33,35,54,55,33
abdul-sami,3762,76,91,50,51,26
abdul-shafi,3764,41,68,26,69,38
abdul-wahaab,3766,25,92,60,49,33
abdul-wahhab,3768,64,25,80,36,71
abdula,3770,49,88,66,55,52
abdulaahi,3772,31,50,41,29,50
abdulah,3774,38,71,75,76,38
abdulahad,3776,58,52,93,44,33
abdulahi,3778,46,57,68,35,47
abdulai,3780,26,27,52,69,83
abdulaleem,3782,69,74,70,66,82
abdulameer,3784,57,59,39,43,59
abdulaye,3786,86,90,80,60,62
abdulazeem,3788,78,74,81,68,62
abdulazeez,3790,59,24,80,64,89
abdulazim,3792,63,81,27,70,92
abdulazis,3794,62,38,94,24,66
abdulaziz,3796,53,58,66,74,67
abdulbaki,3798,55,75,74,74,85
abdulbari,3800,48,72,62,90,59
abdulbasit,3802,73,45,59,88,44
abdulcabbar,3804,38,65,53,76,69
abdule,3806,34,30,66,35,79
abdulelah,3808,61,72,63,41,93
abdulfatah,3810,68,63,73,66,54
abdulfattah,3812,49,30,72,49,24
abdulfawaz,3814,46,79,55,62,68
abdulghani,3816,44,25,94,66,74
abdulhaadi,3818,66,52,50,81,84
abdulhadi,3820,52,95,56,59,57
abdulhakeem,3822,47,52,74,32,39
abdulhakim,3824,68,38,64,88,29
abdulhalim,3826,76,78,94,42,74
abdulhameed,3828,40,82,89,95,51
abdulhamid,3830,37,78,26,38,90
abdulhaq,3832,74,30,93,87,88
abdulhay,3834,66,75,90,63,50
abdulilah,3836,78,86,37,90,58
abduljabaar,3838,37,71,78,30,77
abduljabbar,3840,86,73,28,37,29
abduljaleel,3842,33,45,85,49,49
abduljalil,3844,35,50,81,27,63
abdulkader,3846,60,84,38,30,88
abdulkadir,3848,73,81,33,57,76
abdulkadyr,3850,66,68,45,55,70
abdulkareem,3852,91,25,30,29,73
abdulkarim,3854,37,55,45,89,50
abdulkerim,3856,71,76,52,56,87
abdulkhalek,3858,67,29,36,82,83
abdulkhalid,3860,76,27,58,47,29
abdulkhaliq,3862,76,35,68,28,50
abdull,3864,47,40,55,44,93
abdulla,3866,58,93,80,92,43
abdullaah,3868,76,44,95,25,27
abdullaahi,3870,83,67,81,51,35
abdullah,3872,85,30,82,66,45
abdullahi,3874,54,80,31,48,25
abdullateef,3876,42,34,93,76,38
abdullatif,3878,92,29,64,78,93
abdullbasit,3880,55,26,40,72,39
abdulloh,3882,75,63,29,57,28
abdulmajeed,3884,29,95,35,74,59
abdulmajid,3886,63,50,66,62,24
abdulmalek,3888,89,41,30,92,68
abdulmalik,3890,43,92,81,42,78
abdulmannan,3892,57,95,71,86,57
abdulmedjit,3894,63,67,82,77,49
abdulmoamen,3896,39,25,40,60,71
abdulmohsen,3898,60,34,33,85,51
abdulmohymen,3900,50,70,28,90,53
abdulnasir,3902,88,27,65,40,50
abdulqadir,3904,53,48,37,63,34
abdulraheem,3906,80,52,63,47,79
abdulraheim,3908,90,80,59,70,68
abdulrahim,3910,80,88,38,57,73
abdulrahman,3912,87,45,81,37,51
abdulrazak,3914,29,29,66,71,62
abdulrazaq,3916,64,43,41,31,35
abdulrehman,3918,43,74,89,37,88
abdulrhaman,3920,70,49,26,77,34
abdulrhman,3922,66,73,50,82,78
abdulsalam,3924,48,56,52,82,25
abdulsamad,3926,82,92,42,45,72
abdulsamet,3928,55,41,69,25,62
abdulshakur,3930,68,56,45,81,43
abdulwadud,3932,83,75,83,69,85
abdulwahab,3934,40,70,63,87,81
abdulwahhab,3936,56,63,58,63,81
abdulwahid,3938,90,90,40,37,64
abdulwali,3940,33,43,45,60,83
abdur,3942,68,31,33,58,72
abdur-rafay,3944,57,77,40,52,45
abdur-rafeh,3946,87,63,66,59,57
abdur-raheem,3948,49,30,48,33,32
abdur-rahim,3950,65,53,58,45,25
abdur-rahmaan,3952,51,86,54,50,46
abdur-rahman,3954,67,53,64,30,51
abdur-rasheed,3956,69,42,69,58,61
abdur-rehman,3958,79,45,64,26,48
abduraheem,3960,80,33,71,72,51
abdurahim,3962,70,47,36,87,69
abdurahman,3964,87,60,40,93,82
abdurahmon,3966,84,34,88,74,43
abdurraheem,3968,63,94,41,41,40
abdurrahim,3970,44,82,70,72,83
abdurrahmaan,3972,71,86,28,51,27
abdurrahman,3974,83,36,64,30,63
abdurrauf,3976,63,89,28,66,70
abdurrehman,3978,46,54,57,32,79
abdurrhman,3980,39,95,33,94,93
abdus,3982,59,55,44,88,68
abdus-salam,3984,41,91,49,67,88
abdus-samad,3986,29,48,78,86,52
abdus-sami,3988,46,63,91,35,94
abdusalam,3990,64,37,69,52,43
abdusbasiyr,3992,58,85,85,58,51
abdushakur,3994,64,92,57,86,71
abdussalam,3996,55,68,73,70,29
abdussamad,3998,55,43,46,24,31
abdyl,4000,35,52,77,57,60
abdülhalim,4002,59,69,77,65,30
abdülhamid,4004,38,84,52,71,44
abdülkadir,4006,58,31,30,62,34
abdülkerim,4008,61,77,30,72,45
abdüllatif,4010,27,24,76,90,93
abdülsamet,4012,30,56,83,40,91
abe,4014,67,29,65,40,95
abeal,4016,41,89,53,29,30
abebi,4018,57,77,32,91,36
abed,4020,87,95,25,40,64
abeda,4022,27,47,83,32,41
abedallah,4024,89,45,70,89,75
abedalrahman,4026,69,80,26,29,54
abedin,4028,72,58,73,50,53
abednego,4030,83,36,68,79,80
abedraouf,4032,63,73,60,42,63
abeed,4034,46,50,93,87,60
abeeda,4036,26,53,89,64,94
abeeha,4038,51,52,40,82,85
abeel,4040,85,90,24,45,27
abeer,4042,27,38,31,55,76
abeera,4044,49,67,76,51,55
abeerah,4046,46,52,86,54,65
abegail,4048,64,83,89,92,45
abegale,4050,94,84,42,26,57
abegayle,4052,46,84,53,95,48
abel,4054,94,63,93,65,76
abela,4056,56,48,78,36,85
abelard,4058,68,54,61,55,84
abelardo,4060,54,58,43,56,80
abele,4062,82,46,81,67,91
abelia,4064,63,88,87,85,76
abelina,4066,84,89,73,76,54
abeline,4068,47,94,53,31,88
abelino,4070,85,26,74,66,61
abelio,4072,76,92,89,50,67
abelius,4074,91,85,32,38,36
abell,4076,54,39,42,37,79
abella,4078,43,38,63,64,60
abellas-bauzo,4080,31,30,70,49,87
abelle,4082,86,48,92,31,48
abello,4084,52,45,73,43,74
abem,4086,29,53,60,91,79
aben,4088,48,33,75,90,78
abena,4090,45,67,42,78,38
abenamar,4092,65,68,41,76,65
abenezer,4094,63,35,72,71,45
abeni,4096,49,48,31,44,26
abentego,4098,61,42,63,92,83
aber,4100,75,72,62,65,72
abercrombie,4102,84,73,61,25,93
abercromby,4104,62,83,39,37,50
aberham,4106,33,50,66,53,82
abernathy,4108,49,30,24,70,70
abernethy,4110,80,86,85,40,74
abernon,4112,61,82,80,72,42
abert,4114,58,74,54,59,40
abery,4116,51,95,94,40,53
abeu,4118,92,49,53,61,42
abey,4120,41,27,94,93,58
abgail,4122,92,56,94,35,45
abha,4124,42,76,45,84,38
abhaki,4126,28,83,63,24,84
abhay,4128,70,26,69,82,60
abhaysingh,4130,38,80,58,44,33
abheek,4132,38,31,38,40,44
abheer,4134,78,31,85,39,56
abhi,4136,38,52,56,24,55
abhia,4138,80,80,78,83,44
abhigna,4140,57,45,33,37,61
abhijay,4142,91,50,35,54,70
abhijeet,4144,24,95,78,90,89
abhijit,4146,76,74,39,43,79
abhijith,4148,89,43,53,47,85
abhijot,4150,61,56,34,79,71
abhik,4152,35,83,55,28,84
abhilash,4154,83,25,84,63,41
abhilasha,4156,90,75,55,45,28
abhimanyu,4158,82,51,44,47,81
abhinab,4160,25,25,24,28,26
abhinandan,4162,61,65,39,76,75
abhinav,4164,38,79,31,65,55
abhinay,4166,84,44,89,60,93
abhinaya,4168,86,89,90,74,92
abhipsa,4170,67,76,88,84,50
abhir,4172,31,46,49,89,69
abhiraam,4174,52,50,83,65,94
abhiraj,4176,48,83,52,57,26
abhiram,4178,90,60,50,87,92
abhirami,4180,40,95,36,40,56
abhirup,4182,25,69,54,78,75
abhisek,4184,42,51,69,61,64
abhisekh,4186,68,24,89,42,86
abhishak,4188,35,55,44,48,55
abhishek,4190,66,88,45,76,79
abhishekh,4192,68,58,83,34,74
abhithi,4194,95,46,60,36,56
abhyuday,4196,72,27,29,60,80
abi,4198,73,71,78,46,39
abi-jo,4200,31,32,94,59,53
abi-leigh,4202,40,38,25,91,26
abi-louise,4204,84,56,53,83,84
abi-mae,4206,81,62,34,67,72
abi-rose,4208,31,26,30,50,42
abi-taylor,4210,91,68,82,62,62
abia,4212,30,64,55,50,88
abiagael,4214,53,45,76,95,89
abiageal,4216,46,24,34,26,81
abiah,4218,79,92,25,92,79
abian,4220,30,29,47,85,73
abianna,4222,53,28,66,54,47
abibail,4224,35,50,63,43,83
abibat,4226,79,50,78,53,86
abibatu,4228,95,58,47,89,30
abid,4230,57,86,87,31,38
abida,4232,56,27,73,55,24
abidah,4234,57,55,26,73,29
abidan,4236,43,86,75,25,25
abideen,4238,68,55,53,49,50
abidemi,4240,94,94,62,29,58
abidin,4242,45,86,48,63,77
abidul,4244,55,94,76,94,32
abidur,4246,59,35,64,46,50
abie,4248,65,67,24,88,88
abiegail,4250,79,59,35,83,41
abiel,4252,73,66,78,61,67
abiela,4254,88,40,88,66,69
abiella,4256,39,26,76,91,65
abieyuwa,4258,38,28,77,24,58
abiezer,4260,33,42,88,90,86
abifoluwa,4262,93,66,32,37,32
abigael,4264,78,77,50,76,55
abigaelle,4266,89,24,57,35,68
abigahil,4268,61,47,29,32,69
abigai,4270,50,91,61,52,33
abigail,4272,30,72,66,45,82
abigail-louise,4274,65,48,76,49,45
abigail-rose,4276,77,87,87,94,34
abigaile,4278,80,43,76,41,63
abigailgrace,4280,63,52,87,93,25
abigaille,4282,62,56,79,62,87
abigailmarie,4284,59,52,86,34,33
abigailrose,4286,45,43,40,33,49
abigal,4288,29,65,74,83,81
abigale,4290,33,76,42,59,50
abigayil,4292,44,40,30,80,38
abigayl,4294,94,49,32,75,51
abigayle,4296,80,64,80,31,55
abigaël,4298,59,37,49,85,76
abigaëlle,4300,95,64,91,71,26
abigeal,4302,42,59,52,36,47
abigel,4304,93,87,61,87,41
abigial,4306,79,62,81,32,79
abiha,4308,72,37,53,47,47
abihail,4310,70,30,75,27,33
abii,4312,87,70,78,62,42
abijah,4314,86,26,40,90,37
abilash,4316,47,67,52,62,44
abileigh,4318,30,30,75,32,83
abilene,4320,51,64,84,79,38
abilgail,4322,56,33,91,26,80
abilia,4324,29,64,50,84,66
abilio,4326,67,39,33,94,94
abilyn,4328,85,66,58,55,54
abilynn,4330,56,79,33,39,48
abimael,4332,72,47,34,74,49
abiman,4334,37,80,52,63,42
abimbola,4336,55,70,70,34,35
abimelec,4338,94,39,60,88,71
abin,4340,63,66,28,70,33
abina,4342,68,95,34,28,41
abinaash,4344,55,69,39,57,89
abinabi,4346,37,42,40,89,41
abinadab,4348,89,85,52,57,28
abinadi,4350,80,49,44,90,62
abinash,4352,75,74,43,37,67
abinav,4354,32,43,41,93,90
abinaya,4356,45,43,35,81,63
abinayan,4358,42,40,70,28,51
abinesh,4360,66,66,80,55,74
abinsa,4362,48,31,26,74,24
abiodun,4364,69,79,47,79,93
abiola,4366,58,46,41,26,78
abiona,4368,56,51,53,67,49
abir,4370,72,40,76,72,34
abira,4372,86,26,49,76,87
abiral,4374,35,28,72,66,59
abiram,4376,67,41,45,43,37
abirami,4378,40,70,31,83,45
abiramy,4380,34,83,29,70,47
abisag,4382,65,74,77,71,52
abisai,4384,29,71,92,59,59
abisaid,4386,72,72,82,39,88
abisali,4388,31,65,68,61,62
abisan,4390,90,71,49,54,60
abish,4392,81,32,87,45,25
abisha,4394,67,31,52,39,30
abishai,4396,45,94,35,46,39
abishake,4398,45,83,81,27,34
abishan,4400,86,52,35,73,77
abishanth,4402,36,76,30,86,88
abishek,4404,64,51,39,68,57
abisia,4406,24,78,92,92,69
abisola,4408,72,56,86,43,86
abisoye,4410,66,95,24,46,54
abitante,4412,65,86,93,68,84
abitha,4414,24,43,34,62,85
abiud,4416,61,41,81,93,66
abixah,4418,58,87,35,42,71
abiy,4420,24,62,42,48,31
abiya,4422,56,79,33,33,65
abiyah,4424,53,49,27,58,80
abiyuwa,4426,24,95,61,94,50
abizer,4428,26,75,59,27,55
abla,4430,72,27,46,67,33
ablah,4432,39,56,66,56,49
ablakat,4434,90,35,82,56,49
abler,4436,54,69,76,87,28
ables,4438,51,32,54,50,85
ablie,4440,70,74,55,32,88
abneer,4442,34,86,92,25,25
abnel,4444,30,57,26,58,59
abner,4446,58,49,56,50,66
abney,4448,39,48,91,84,35
abniel,4450,79,29,75,44,47
abobaker,4452,62,34,93,43,61
abobakr,4454,78,75,70,27,41
abomma,4456,41,81,80,28,34
abony,4458,30,52,67,29,65
abonza-torres,4460,56,78,65,49,85
aborn,4462,39,93,74,43,59
abott,4464,53,26,48,95,33
abou,4466,35,31,57,48,31
aboubacar,4468,60,78,76,78,78
aboubakar,4470,87,87,66,76,51
aboubaker,4472,46,80,88,80,77
aboubakr,4474,92,71,24,34,64
aboubakry,4476,48,76,63,32,24
abra,4478,76,43,94,47,77
abraam,4480,44,81,87,78,77
abraar,4482,43,33,77,55,90
abrah,4484,73,72,80,90,78
abraham,4486,94,28,87,46,25
abrahams,4488,81,51,44,61,94
abrahamsen,4490,83,49,86,33,42
abrahan,4492,24,53,79,93,81
abrahante,4494,44,51,69,54,38
abraheem,4496,88,29,44,60,26
abrahem,4498,32,62,31,61,33
abrahim,4500,24,84,26,62,77
abrahm,4502,56,29,36,55,60
abrahms,4504,62,56,91,53,28
abrakata,4506,51,50,75,68,58
abram,4508,53,27,41,37,80
abramina,4510,37,81,31,63,24
abramo,4512,49,25,46,49,27
abramowski,4514,89,30,53,87,84
abrams,4516,79,25,75,25,70
abramson,4518,90,37,36,69,30
abran,4520,90,47,25,77,24
abranda,4522,32,95,49,85,74
abrar,4524,94,64,72,27,29
abraxas,4526,76,31,58,76,35
abraya,4528,58,40,56,87,95
abraão,4530,25,45,37,39,94
abrea,4532,87,73,35,55,33
abreana,4534,66,62,71,94,67
abreanna,4536,91,87,37,49,76
abree,4538,40,53,46,82,90
abreha,4540,66,78,54,90,63
abreia,4542,61,77,48,78,79
abrem,4544,86,71,37,24,49
abren,4546,37,29,39,87,75
abreona,4548,31,26,33,25,75
abreonna,4550,44,63,63,58,95
abreu,4552,83,63,32,48,52
abreu-bolano,4554,37,82,37,72,61
abreu-perez,4556,88,31,54,69,74
abrew,4558,44,86,48,52,25
abrey,4560,31,62,29,56,84
abreya,4562,64,77,93,67,68
abrham,4564,70,36,45,60,72
abri,4566,65,34,77,28,77
abria,4568,43,64,87,37,49
abriah,4570,24,42,80,48,54
abrial,4572,45,79,37,85,61
abriam,4574,68,40,42,85,48
abrian,4576,60,79,63,85,25
abriana,4578,93,83,80,79,43
abrianna,4580,31,37,94,55,64
abriannah,4582,69,42,57,58,61
abrianne,4584,28,76,27,71,90
abrie,4586,45,24,85,60,87
abriel,4588,50,82,47,86,29
abriela,4590,39,35,91,59,86
abriele,4592,57,87,92,84,93
abriella,4594,72,87,44,89,64
abrielle,4596,64,29,79,57,56
abrien,4598,60,92,70,87,35
abrienne,4600,43,45,92,53,62
abrigail,4602,92,91,34,90,51
abrihet,4604,61,87,43,33,83
abril,4606,87,45,55,47,52
abrille,4608,82,45,92,56,54
abrin,4610,28,61,44,81,24
abrina,4612,26,95,85,51,41
abrion,4614,25,34,45,95,77
abriona,4616,44,78,61,44,26
abrionna,4618,47,81,85,72,49
abrish,4620,63,42,25,52,35
abriya,4622,46,84,68,50,88
abriyah,4624,68,50,94,59,24
abriyana,4626,71,72,83,66,55
abrom,4628,29,33,62,70,75
abroms,4630,52,55,91,60,79
abron,4632,80,76,95,71,58
abrons,4634,52,28,78,89,26
abrum,4636,66,51,34,64,69
abruscato,4638,90,36,44,79,91
abruzzino,4640,27,30,87,56,48
abry,4642,91,68,67,88,40
abryana,4644,26,24,38,80,33
abryanna,4646,68,25,58,72,78
abryella,4648,48,84,58,87,73
abryelle,4650,52,31,76,66,44
abryl,4652,55,61,41,72,82
abrytha,4654,92,85,74,49,40
absa,4656,85,36,43,41,38
absalat,4658,85,77,64,53,30
absaln,4660,61,57,29,94,64
absalom,4662,57,58,87,90,76
absalon,4664,37,90,92,57,91
absar,4666,74,77,68,32,38
absher,4668,47,66,45,89,26
abshier,4670,81,59,74,32,54
abshir,4672,59,37,39,81,27
abshire,4674,94,90,90,93,64
abshure,4676,58,90,43,49,35
absidy,4678,89,59,73,58,83
abtin,4680,46,61,66,84,69
abu,4682,54,60,62,75,28
abu-bakar,4684,86,44,71,24,51
abu-baker,4686,28,85,59,35,83
abu-bakr,4688,30,53,88,92,93
abu-bukr,4690,63,37,92,70,63
abu-huraira,4692,68,40,70,80,41
abu-sufyan,4694,36,47,75,85,85
abu-ubaidah,4696,86,59,72,29,41
abuaber,4698,32,60,24,93,67
abubacar,4700,64,58,70,61,44
abubacarr,4702,41,35,77,68,56
abubakar,4704,78,78,45,84,44
abubakarr,4706,78,86,46,79,84
abubakary,4708,85,78,37,64,74
abubaker,4710,93,65,67,93,34
abubakkar,4712,28,75,83,45,81
abubakr,4714,30,37,41,70,72
abubekir,4716,69,52,54,91,41
abubokar,4718,69,59,55,90,69
abud-aleem,4720,88,83,24,61,79
abuhurairah,4722,65,81,88,82,44
abuk,4724,42,51,67,40,52
abukar,4726,62,40,69,45,53
abukhdeir,4728,43,57,25,46,82
abul,4730,36,62,86,83,70
abularach,4732,53,28,77,81,41
abundio,4734,27,24,65,60,58
aburio,4736,26,90,58,93,24
aburto,4738,94,70,42,62,50
abuzahr,4740,28,28,37,78,41
abuzar,4742,29,24,68,70,83
abuzer,4744,68,33,70,35,37
abwe,4746,40,66,60,65,60
aby,4748,40,40,31,85,26
abyaan,4750,46,47,90,50,59
abyad,4752,64,52,34,74,84
abyade,4754,40,72,26,29,51
abyan,4756,80,45,69,63,24
abygael,4758,34,24,59,89,86
abygail,4760,25,56,39,62,32
abygaile,4762,95,39,51,73,72
abygale,4764,41,67,60,73,35
abygayle,4766,84,42,25,80,74
abygaël,4768,50,38,50,91,69
abygaëlle,4770,86,61,49,48,85
abyssinia,4772,43,83,60,73,28
abília,4774,81,51,78,80,52
abílio,4776,90,25,85,25,63
aca,4778,87,61,57,50,87
acacia,4780,94,95,86,61,90
acacio,4782,56,49,48,62,40
acacius,4784,35,67,37,80,89
acadia,4786,82,61,63,77,78
acai,4788,70,74,35,75,69
acalia,4790,29,69,65,82,91
acamas,4792,45,38,60,26,67
acampora,4794,34,35,64,87,44
acari,4796,89,37,69,51,44
acasia,4798,95,59,56,85,48
accacia,4800,38,94,63,76,34
accalia,4802,87,29,37,55,39
accardi,4804,74,24,71,93,46
accetturri,4806,65,62,84,24,52
accie,4808,34,65,33,28,53
accime,4810,39,26,26,85,85
accursia,4812,61,90,65,66,49
accursio,4814,93,30,72,87,53
acea,4816,25,34,51,42,43
acee,4818,42,73,74,56,52
acein,4820,33,81,78,79,40
aceion,4822,32,43,41,29,68
acel,4824,55,53,83,77,35
acelee,4826,51,26,77,93,94
acelia,4828,76,45,47,31,30
acelin,4830,27,63,81,24,64
acelino,4832,76,78,57,51,51
acelya,4834,27,45,50,35,25
acelyn,4836,52,24,76,37,49
acelynn,4838,26,37,94,27,28
acen,4840,91,94,80,29,45
acencion,4842,32,51,74,82,55
aceon,4844,79,34,61,40,93
acerra,4846,40,59,35,57,28
aces,4848,88,25,26,52,27
acesen,4850,90,76,58,34,36
aceson,4852,79,88,53,76,63
aceston,4854,67,58,26,62,55
acesyn,4856,86,57,36,26,79
aceta,4858,88,84,42,56,56
aceto,4860,71,87,48,95,92
aceton,4862,28,64,44,56,52
acevedo,4864,42,47,34,24,74
acevedo-beltran,4866,51,72,87,51,71
aceves,4868,54,86,45,72,28
acevevo,4870,58,69,85,93,41
acey,4872,37,33,67,89,80
aceyn,4874,85,36,91,93,35
aceyon,4876,80,72,50,59,77
achai,4878,50,41,86,54,32
achaia,4880,37,26,76,33,45
achaius,4882,59,42,40,36,56
achan,4884,52,65,30,60,26
achante,4886,93,50,56,37,84
achanti,4888,75,38,51,28,51
achary,4890,76,24,87,64,93
achaz,4892,33,40,80,30,64
achazia,4894,85,70,36,62,91
achel,4896,82,62,94,83,24
acherman,4898,74,95,42,27,76
acheron,4900,68,94,39,46,68
achicam,4902,50,84,56,85,55
achikam,4904,95,31,65,93,87
achilina,4906,37,83,63,80,77
achille,4908,31,50,33,39,63
achilleas,4910,81,60,81,86,65
achillefs,4912,32,45,27,52,54
achilles,4914,55,50,31,90,71
achilleus,4916,74,59,26,49,58
achillies,4918,25,44,46,35,30
achim,4920,27,81,31,74,34
achintya,4922,84,52,43,59,63
achiropita,4924,91,49,60,54,42
achiuta,4926,83,83,42,34,47
achol,4928,93,41,49,43,78
achorn,4930,70,89,58,54,39
achraf,4932,61,41,54,36,35
achsa,4934,48,55,61,85,25
achsah,4936,40,92,40,35,26
achyut,4938,68,28,43,81,76
achyuth,4940,26,83,33,42,95
acia,4942,87,60,30,68,53
aciano,4944,80,45,48,88,71
acie,4946,79,26,31,42,83
aciel,4948,37,83,53,28,48
acierno,4950,46,86,70,77,95
acil,4952,43,55,48,29,48
acilino,4954,28,32,27,38,54
acim,4956,58,83,50,33,89
acima,4958,31,60,84,66,94
acire,4960,45,86,87,26,32
acisclo,4962,32,69,94,95,75
ackart,4964,27,36,68,55,91
acke,4966,90,90,50,79,27
ackeem,4968,93,76,73,25,29
acker,4970,70,65,85,66,36
ackerley,4972,88,61,51,93,45
ackerman,4974,38,33,81,90,79
ackie,4976,74,52,78,27,49
ackler,4978,91,74,62,69,63
ackley,4980,66,78,93,33,58
acklin,4982,47,60,68,94,25
ackman,4984,47,51,44,30,87
acko,4986,51,47,88,56,48
ackron,4988,58,72,44,77,37
aco,4990,63,37,92,86,34
acob,4992,49,87,80,32,30
acoff,4994,80,54,48,65,42
acoidan,4996,79,37,82,25,28
acord,4998,73,49,50,36,36
acosta,5000,32,53,33,95,72
acosta-cabrera,5002,56,40,44,24,71
acosta-carrero,5004,45,77,25,72,82
acosta-cruz,5006,42,57,84,68,62
acosta-hernandez,5008,46,56,32,83,75
acquah,5010,29,78,30,34,62
acquanetta,5012,72,24,92,73,38
acquanette,5014,25,24,76,73,32
acquaviva,5016,40,45,79,38,71
acree,5018,41,37,67,37,75
acsa,5020,90,37,38,78,56
actis,5022,55,25,28,46,67
actisdano,5024,40,87,60,94,51
actrice,5026,32,40,76,73,72
aculina,5028,52,43,69,77,31
acuna,5030,69,78,38,70,26
acura,5032,27,63,41,42,25
acus,5034,37,64,43,70,93
acxel,5036,84,74,77,78,91
acy,5038,53,67,84,57,76
acyee,5040,75,54,81,47,66
acácio,5042,91,36,93,34,89
acúrcio,5044,94,71,93,61,34
ada,5046,88,94,56,29,91
ada-may,5048,30,38,63,87,41
adaam,5050,40,85,49,35,34
adaan,5052,36,55,51,39,66
adabel,5054,27,24,77,80,48
adabella,5056,91,54,44,62,93
adabelle,5058,32,43,51,27,70
adabpreet,5060,46,29,71,62,71
adachi,5062,60,36,64,87,26
adacia,5064,83,54,68,49,63
adae,5066,94,63,73,83,30
adael,5068,58,71,73,49,65
adaela,5070,32,69,45,66,69
adaelyn,5072,45,62,80,42,61
adaeze,5074,53,58,60,36,82
adagio,5076,72,46,24,34,85
adah,5078,34,32,80,83,82
adaha,5080,66,60,60,89,87
adahir,5082,31,64,32,73,66
adahli,5084,72,70,85,80,32
adahlia,5086,49,31,55,72,43
adahy,5088,92,76,32,83,74
adai,5090,29,89,79,30,75
adaia,5092,63,90,59,60,32
adaiah,5094,66,24,74,25,86
adaidh,5096,63,74,76,46,34
adaiha,5098,95,27,28,31,73
adaija,5100,73,42,87,40,70
adaijah,5102,42,50,75,84,32
adailyn,5104,62,79,26,24,24
adain,5106,66,70,63,43,62
adair,5108,32,49,83,66,65
adaira,5110,45,86,93,87,83
adaire,5112,93,37,82,64,53
adairis,5114,63,62,95,56,55
adaisha,5116,31,36,54,42,35
adaisia,5118,25,75,61,80,90
adaiya,5120,31,60,36,58,49
adaiyah,5122,83,58,87,63,58
adaja,5124,46,77,84,54,26
adajah,5126,58,83,89,34,60
adakras,5128,92,55,86,35,76
adaku,5130,94,45,81,85,25
adal,5132,93,27,72,88,68
adala,5134,94,76,78,44,31
adalade,5136,66,27,36,82,65
adalae,5138,59,92,83,67,87
adalai,5140,79,59,59,67,83
adalaide,5142,81,58,33,46,38
adalaina,5144,95,67,67,50,57
adalard,5146,67,79,24,88,78
adalat,5148,33,30,61,88,56
adalay,5150,87,60,81,63,91
adalaya,5152,58,39,45,37,34
adalayah,5154,36,73,52,33,70
adalayde,5156,64,42,28,29,78
adalayna,5158,62,31,57,81,56
adalbern,5160,63,42,71,36,50
adalbert,5162,36,94,93,91,46
adalberta,5164,86,50,92,50,34
adalberto,5166,73,77,73,86,31
adalciza,5168,30,89,46,33,56
adale,5170,88,39,25,40,53
adalea,5172,61,74,59,79,47
adaleah,5174,75,60,39,78,75
adalee,5176,67,85,85,58,52
adaleen,5178,92,60,51,41,81
adaleena,5180,54,74,44,42,31
adalei,5182,81,48,84,78,31
adaleia,5184,60,56,62,55,57
adaleigh,5186,55,27,48,94,80
adaleine,5188,26,29,46,45,71
adalen,5190,93,88,38,26,27
adalena,5192,29,82,29,91,56
adalene,5194,61,70,62,88,48
adalet,5196,80,38,63,39,61
adaley,5198,62,40,82,76,53
adaleya,5200,52,30,70,83,36
adaleyza,5202,34,29,34,48,92
adalgira,5204,25,67,54,32,52
adalgisa,5206,43,86,81,92,81
adalgiso,5208,94,35,25,42,57
adalheid,5210,80,86,45,33,50
adalhi,5212,90,46,48,95,88
adali,5214,58,25,37,77,59
adalia,5216,52,52,70,79,52
adaliah,5218,95,54,88,63,60
adalicia,5220,46,73,79,78,62
adalid,5222,59,55,46,69,69
adalida,5224,75,55,51,47,40
adalie,5226,66,85,25,94,43
adaliene,5228,80,31,47,82,44
adalin,5230,69,72,67,31,58
adalina,5232,42,47,55,26,89
adalind,5234,55,82,93,95,82
adalinda,5236,86,48,64,58,24
adaline,5238,79,39,25,35,57
adalinn,5240,89,42,95,28,33
adalinna,5242,77,62,81,32,87
adalinne,5244,63,88,59,77,83
adalis,5246,49,48,64,39,69
adalisa,5248,63,63,27,34,81
adalise,5250,48,34,81,27,58
adalisse,5252,47,54,81,70,72
adalius,5254,52,89,42,24,60
adaliyah,5256,38,46,38,82,73
adaliz,5258,90,79,86,83,87
adalize,5260,36,63,53,78,75
adall,5262,60,28,40,68,94
adallard,5264,88,45,62,61,56
adallyn,5266,66,42,46,71,62
adallysha,5268,59,59,55,31,95
adalmiina,5270,73,52,54,54,33
adaly,5272,56,38,89,66,53
adalya,5274,61,38,60,44,27
adalye,5276,84,79,26,74,75
adalyn,5278,34,41,70,74,38
adalyna,5280,75,67,87,57,40
adalynd,5282,84,52,60,44,62
adalyne,5284,78,44,66,86,28
adalynn,5286,77,56,41,27,42
adalynna,5288,27,72,79,60,84
adalynne,5290,46,84,26,24,69
adalys,5292,70,86,26,60,78
adalyse,5294,84,36,41,65,30
adam,5296,28,81,85,72,74
adam-alexander,5298,81,45,75,83,32
adam-james,5300,70,68,72,57,90
adam-jesse,5302,27,85,63,79,24
adam-john,5304,35,37,35,63,47
adam-jorg,5306,48,38,45,93,69
adama,5308,31,65,78,57,57
adamae,5310,56,48,32,75,82
adamantia,5312,80,43,29,89,50
adamantini,5314,73,83,85,54,93
adamantios,5316,66,95,66,58,48
adamari,5318,69,47,45,73,87
adamarie,5320,94,27,30,46,36
adamaris,5322,81,66,53,33,52
adamariz,5324,35,33,30,69,37
adamary,5326,38,51,55,75,77
adamarys,5328,70,95,26,63,44
adamas,5330,40,71,51,24,82
adamczak,5332,86,43,83,68,60
adame,5334,61,51,76,70,82
adamec,5336,94,77,95,91,79
adamek,5338,83,71,91,43,71
adames,5340,28,83,82,81,50
adamik,5342,39,60,88,55,94
adamina,5344,76,68,58,80,44
adaminah,5346,29,24,53,87,92
adamira,5348,49,45,50,84,40
adamis,5350,91,48,39,45,45
adamjames,5352,78,37,87,81,67
adamm,5354,25,27,36,87,77
adamma,5356,88,59,67,29,52
adammichael,5358,74,69,84,27,52
adamo,5360,91,89,89,90,80
adamok,5362,75,71,35,58,91
adams/valachi,5364,33,61,31,48,51
adamsen,5366,48,45,42,32,43
adamsiii,5368,66,74,39,92,26
adamsjr,5370,93,52,69,24,72
adamski,5372,66,35,25,60,70
adamson,5374,88,27,66,24,56
adamsun,5376,25,61,57,66,95
adan,5378,55,33,29,55,63
adana,5380,51,90,76,32,86
adaneli,5382,53,42,70,75,86
adanelly,5384,59,53,27,84,78
adanely,5386,57,27,59,53,56
adaniel,5388,52,86,56,65,39
adanna,5390,81,24,55,83,63
adannaya,5392,26,72,48,39,59
adans,5394,72,83,74,35,93
adante,5396,90,56,37,73,89
adanya,5398,64,82,32,44,91
adao,5400,27,89,67,49,41
adaobi,5402,52,59,61,59,38
adaora,5404,38,73,56,68,77
adar,5406,57,74,42,74,56
adara,5408,57,28,27,87,77
adarah,5410,44,85,64,36,73
adari,5412,77,78,89,41,43
adaria,5414,32,29,90,75,86
adariaha,5416,25,44,58,91,39
adarian,5418,56,79,26,75,50
adarien,5420,38,72,85,49,76
adarion,5422,51,24,30,37,47
adarious,5424,35,37,84,75,83
adarius,5426,37,57,74,68,43
adarra,5428,84,90,53,24,57
adarrion,5430,73,30,43,86,49
adarrius,5432,31,63,58,85,59
adarro,5434,33,67,93,46,62
adarryl,5436,93,52,58,38,95
adarryll,5438,59,29,70,52,86
adarsh,5440,72,61,63,62,36
adaryl,5442,92,60,77,87,77
adaryll,5444,60,39,85,76,47
adas,5446,86,28,62,89,64
adasha,5448,69,42,93,47,66
adashia,5450,27,87,70,89,80
adasia,5452,51,83,75,60,92
adason,5454,39,53,31,73,74
adassa,5456,39,63,34,82,65
adasu,5458,73,66,55,78,42
adasyn,5460,32,60,38,56,66
adasynn,5462,68,78,27,71,94
adau,5464,90,83,63,51,47
adaugo,5466,55,73,74,35,82
adaurd,5468,37,91,87,86,62
adaure,5470,44,40,39,69,93
adavia,5472,25,25,36,95,76
adavion,5474,36,91,30,26,92
adaway,5476,91,24,42,88,77
aday,5478,68,32,59,64,58
adaya,5480,77,42,87,58,37
adayah,5482,39,39,73,43,49
adayla,5484,24,43,58,25,49
adayre,5486,28,64,75,54,40
adaysha,5488,94,63,45,58,39
adayshia,5490,48,68,28,57,43
adaysia,5492,71,56,76,34,44
adbeel,5494,85,59,71,66,44
adbiel,5496,60,54,93,57,65
adbul,5498,24,29,44,78,70
adbur-rehman,5500,81,75,59,27,92
adcock,5502,51,90,31,45,65
adcox,5504,35,57,42,44,91
adda,5506,54,28,30,65,94
addae,5508,64,39,24,41,57
addah,5510,49,41,58,57,47
addai,5512,28,37,50,63,76
addalee,5514,27,52,28,61,29
addaleigh,5516,33,52,54,35,86
addaley,5518,28,70,51,66,84
addalie,5520,51,86,60,90,25
addalin,5522,95,91,73,53,63
addalina,5524,52,43,74,90,54
addaline,5526,39,95,38,40,37
addallee,5528,26,43,43,34,87
addaly,5530,52,74,40,76,74
addalyn,5532,90,53,33,52,60
addalyne,5534,84,95,87,72,84
addalynn,5536,45,87,62,66,51
addalynne,5538,43,36,42,72,25
addam,5540,29,50,61,88,92
addan,5542,73,29,71,81,48
addasyn,5544,57,57,52,47,93
addelaide,5546,65,59,71,87,55
addelin,5548,29,67,92,76,77
addelina,5550,26,38,89,73,88
addeline,5552,80,38,27,37,25
addell,5554,86,72,62,25,43
addelyn,5556,25,92,32,86,27
addelyne,5558,46,30,81,66,68
addelynn,5560,69,69,45,78,86
addelynne,5562,34,86,35,51,51
adden,5564,39,57,65,27,90
adderley,5566,56,90,53,61,46
adderly,5568,59,40,25,39,44
addeson,5570,88,26,67,80,89
addesyn,5572,38,65,67,84,52
addey,5574,53,52,94,68,44
addi,5576,41,54,94,74,36
addia,5578,60,34,58,68,33
addicus,5580,70,83,85,39,33
addicyn,5582,71,57,79,74,50
addie,5584,46,77,93,72,90
addiego,5586,61,77,75,28,41
addiel,5588,55,65,83,79,72
addielynn,5590,90,84,24,66,72
addiemae,5592,56,87,48,80,87
addien,5594,58,69,87,95,24
addiena,5596,37,49,41,89,40
addieson,5598,62,72,62,50,35
addilee,5600,94,85,48,90,61
addileigh,5602,57,35,88,53,68
addiley,5604,38,72,41,31,26
addiline,5606,48,27,41,58,52
addilyn,5608,80,55,26,88,66
addilyna,5610,49,79,48,67,90
addilyne,5612,75,59,78,47,27
addilynn,5614,88,46,79,43,87
addilynne,5616,73,38,52,34,37
addine,5618,83,93,39,55,92
addington,5620,33,63,26,57,27
addis,5622,67,30,44,89,77
addisan,5624,51,91,43,89,48
addisen,5626,29,78,86,47,89
addisin,5628,66,40,24,81,41
addison,5630,66,44,66,58,78
addisson,5632,54,58,61,75,78
addiston,5634,82,51,77,31,70
addisun,5636,62,59,51,57,33
addisyn,5638,73,28,32,53,30
addisynn,5640,69,42,93,49,84
addix,5642,44,35,62,62,42
addle,5644,53,55,88,47,77
addlee,5646,63,37,59,64,92
addleigh,5648,35,25,48,28,36
addley,5650,65,48,88,46,43
addlie,5652,42,64,28,49,42
addlyn,5654,28,39,51,92,43
addlynn,5656,53,39,32,49,67
addolorata,5658,37,43,62,86,67
addolorato,5660,89,38,71,40,33
addonis,5662,29,27,81,41,30
addriana,5664,59,54,31,26,49
addrianna,5666,52,30,71,84,82
addrienne,5668,30,73,90,41,44
addsion,5670,32,35,65,75,37
addy,5672,89,78,43,54,46
addylan,5674,62,50,25,52,61
addylen,5676,63,44,32,65,41
addylin,5678,59,49,57,65,64
addyline,5680,35,69,59,75,86
addylyn,5682,34,26,65,31,71
addylynn,5684,54,94,91,50,27
addysan,5686,34,89,69,53,24
addysen,5688,43,60,94,91,51
addysin,5690,92,78,58,68,79
addysn,5692,50,31,68,60,45
addyson,5694,83,70,42,51,32
addysun,5696,27,91,65,49,72
addysyn,5698,44,81,75,31,46
ade,5700,65,43,60,48,41
adea,5702,92,54,90,63,38
adean,5704,47,34,34,59,59
adeana,5706,75,77,34,40,77
adeanna,5708,45,47,39,81,58
adebare,5710,35,85,49,80,85
adebayo,5712,55,32,39,91,34
adebisi,5714,92,41,66,75,71
adebola,5716,62,34,80,57,74
adebowale,5718,40,71,57,30,61
adeboye,5720,26,50,68,39,87
adecyn,5722,68,92,32,58,38
adedamola,5724,60,35,81,85,58
adedapo,5726,94,62,56,51,91
adedayo,5728,93,85,55,27,34
adedeji,5730,34,84,89,44,89
adedimeji,5732,43,52,83,55,66
adedolapo,5734,42,85,83,48,28
adedotun,5736,41,71,93,72,55
adedoyin,5738,66,31,32,60,74
adee,5740,56,67,48,91,78
adeeb,5742,49,53,35,36,24
adeeba,5744,80,58,28,80,47
adeebah,5746,27,49,30,30,72
adeel,5748,84,35,83,27,62
adeela,5750,83,53,86,65,43
adeele,5752,81,37,33,26,54
adeem,5754,48,32,80,88,59
adeen,5756,41,38,92,34,83
adeena,5758,89,89,72,64,62
adeesa,5760,32,81,71,55,82
adeeva,5762,30,40,51,24,50
adeewa,5764,30,73,73,63,36
adefolarin,5766,32,36,43,92,57
adeife,5768,47,62,40,71,29
adein,5770,92,41,29,67,87
adeiza,5772,65,43,73,71,41
adeja,5774,24,90,61,28,52
adejah,5776,35,82,35,81,47
adejinmi,5778,52,54,94,66,72
adekemi,5780,31,73,61,27,72
adekunle,5782,81,58,72,80,45
adel,5784,41,48,31,53,94
adela,5786,59,59,40,76,79
adelade,5788,78,83,52,24,66
adelae,5790,29,34,88,70,66
adelah,5792,70,35,81,42,53
adelai,5794,39,50,55,55,78
adelaid,5796,60,65,69,32,81
adelaida,5798,78,75,45,79,25
adelaide,5800,39,32,75,35,60
adelaido,5802,40,25,92,44,94
adelaina,5804,59,58,69,63,28
adelaine,5806,32,57,33,35,28
adelais,5808,77,59,37,81,33
adelaja,5810,52,79,84,70,67
adelajde,5812,68,43,43,65,51
adelane,5814,71,30,45,78,24
adelard,5816,68,25,81,91,53
adelardo,5818,93,78,75,81,77
adelay,5820,28,56,56,73,43
adelaya,5822,56,47,81,30,77
adelayda,5824,76,68,77,24,60
adelayde,5826,50,36,62,35,52
adelayne,5828,58,59,40,29,52
adelaïde,5830,68,89,40,24,55
adelbert,5832,65,32,43,66,50
adelchi,5834,87,44,25,82,63
adele,5836,75,62,63,62,56
adelea,5838,71,94,86,32,38
adelean,5840,26,54,46,85,75
adelee,5842,90,43,93,30,68
adeleen,5844,53,66,33,88,29
adelei,5846,45,61,73,92,39
adeleigh,5848,34,36,63,57,25
adeleine,5850,80,25,65,27,92
adeleke,5852,75,62,46,65,77
adelen,5854,88,85,41,43,45
adelena,5856,94,57,88,34,85
adelene,5858,70,42,33,91,29
adeley,5860,67,81,80,41,48
adelfa,5862,55,52,64,92,74
adelfina,5864,82,46,80,65,80
adelfo,5866,85,69,34,46,44
adelfried,5868,42,53,86,63,76
adelgund,5870,48,42,82,29,87
adelgunde,5872,46,26,87,50,82
adelhard,5874,54,24,42,33,40
adelheid,5876,47,74,56,55,83
adelheide,5878,41,41,39,66,52
adeli,5880,54,65,58,58,57
adelia,5882,64,38,42,84,61
adeliah,5884,80,73,33,36,51
adelice,5886,91,80,59,65,87
adelicia,5888,85,36,42,63,67
adelie,5890,51,93,87,87,38
adeliene,5892,69,27,28,47,41
adelilah,5894,85,46,92,49,46
adelin,5896,32,44,49,80,47
adelina,5898,68,78,67,51,93
adelinah,5900,35,54,54,91,58
adelind,5902,49,53,69,70,33
adelinda,5904,30,76,40,60,61
adelinde,5906,93,69,41,35,90
adelindo,5908,64,69,66,33,94
adeline,5910,37,81,41,57,83
adelinn,5912,25,85,43,83,74
adelinne,5914,92,72,41,58,59
adelino,5916,42,57,30,66,30
adelio,5918,71,42,94,66,84
adelis,5920,80,39,67,85,83
adelisa,5922,82,41,62,91,60
adelise,5924,42,93,73,84,52
adelita,5926,39,27,24,92,66
adeliya,5928,55,84,83,66,50
adeliz,5930,92,38,36,39,84
adeliza,5932,82,65,59,67,74
adell,5934,66,68,55,73,35
adella,5936,71,60,48,87,66
adelle,5938,66,56,78,89,93
adellia,5940,84,54,58,86,49
adelline,5942,57,95,74,62,35
adellyn,5944,75,61,33,38,70
adellynn,5946,89,79,52,47,79
adelma,5948,50,69,47,27,93
adelmar,5950,94,86,30,73,31
adelmina,5952,71,39,27,56,33
adelmino,5954,39,57,70,75,36
adelmira,5956,42,80,37,94,44
adelmis,5958,55,78,33,91,92
adelmo,5960,25,32,83,29,82
adelo,5962,51,88,41,45,66
adelore,5964,57,37,71,61,47
adelphia,5966,77,42,25,24,51
adelphine,5968,68,69,65,38,86
adelpho,5970,88,70,63,49,67
adelric,5972,41,46,64,61,53
adelson,5974,28,24,30,91,83
adeltraud,5976,68,44,83,68,70
adeltraut,5978,47,45,86,64,73
adely,5982,26,34,68,35,67
adelya,5984,90,91,82,52,41
adelyn,5986,81,52,43,26,32
adelyna,5988,32,88,78,41,53
adelynd,5990,39,32,75,91,91
adelyne,5992,74,80,37,45,46
adelynn,5994,52,77,44,33,53
adelynna,5996,74,31,25,66,59
adelynne,5998,71,47,67,93,40
